475
16
2
1
1
6


0	
1
0
1
-6
1
8230
0
0
0
0
50
0
0
0
1286
20000
16384
256
8192
512
12055
32604
32441
23170
1024
5
-96
-80
-60
-10
0
-96
-96
-60
-7
-7
50
1000
-10
0
-78
1
250
0
0
16384
512
512
25520
32685
23197
9216
5
-96
-80
-70
-24
0
-96
-96
-70
-24
0
50
1000


1	
1
0
1
-3
1
8230
0
0
0
0
50
0
0
0
1286
20000
16384
256
8192
512
12055
32604
32441
23170
1024
5
-96
-80
-60
-10
0
-96
-80
-60
-7
-7
50
1000
-10
0
-78
1
250
0
0
16384
512
512
25520
32685
23197
9216
5
-96
-80
-70
-24
0
-96
-96
-70
-24
0
50
1000


2	
1
0
1
0
1
8230
0
0
0
0
50
0
0
0
1286
20000
16384
256
8192
512
12055
32604
32441
23170
1024
5
-96
-80
-60
-10
0
-96
-96
-60
-7
-7
50
1000
-10
0
-78
1
250
0
0
16384
512
512
25520
32685
23197
9216
5
-96
-80
-70
-24
0
-96
-96
-70
-24
0
50
1000


3	
1
0
1
3
1
8230
0
0
0
0
50
0
0
0
1286
20000
16384
256
8192
512
12055
32604
32441
23170
1024
5
-96
-80
-60
-10
0
-96
-96
-60
-7
-7
50
1000
-10
0
-78
1
250
0
0
16384
512
512
25520
32685
23197
9216
5
-96
-80
-70
-24
0
-96
-96
-70
-24
0
50
1000


4	
1
0
1
6
1
8230
0
0
0
0
50
0
0
0
1286
20000
16384
256
8192
512
12055
32604
32441
23170
1024
5
-96
-80
-60
-10
0
-96
-96
-60
-7
-7
50
1000
-10
0
-78
1
250
0
0
16384
512
512
25520
32685
23197
9216
5
-96
-80
-70
-24
0
-96
-96
-70
-24
0
50
1000


5
1
0
1
9
1
8230
0
0
0
0
50
0
0
0
1286
20000
16384
256
8192
512
12055
32604
32441
23170
1024
5
-96
-80
-60
-10
0
-96
-96
-60
-7
-7
50
1000
-10
0
-78
1
250
0
0
16384
512
512	
25520
32685
23197
9216
5
-96
-80
-70
-24
0
-96
-86
-65
-24
0
50
1000


1
1


0


0
10
800
120

1
64
1648
1256
817
-174
-308
-336
7
-35
14
-52
62
67
94
69
78
89
85
58
56
50
38
24
20
14
9
5
4
4
4
5
6
7
8
9
9
9
9
8
8
7
6
5
5
4
3
3
2
2
1
1
1
0
0
0
0
0
0
0
0
0
0
0
0
0
