475	
16		
2		
4104	
1		
6		


0		
1		
0		
1		
2		
1		
8230	
0		
0		
0		
0		
375	
0		
0		
26		
4096	
4096	
32767	
256	
2048	
512	
0		
0		
0		
32767	
4096	
5		
-92	
-80	
-70	
-10	
0		
-92	
-80	
-70	
-10	
0		
50		
400	
0		
0		
-90	
0		
100	
0		
0		
16384	
512	
512	
25520	
32685	
23197	
9216	
5		
-92	
-80	
-70	
-2		
0		
-92	
-80	
-70	
-2		
0		
50		
1000	


1
1		
0		
1		
2		
1		
8230	
0		
0		
0		
0		
375	
0		
0		
26		
4096	
4096	
32767	
256	
2048	
512	
0		
0		
0		
32767	
4096	
5		
-92	
-80	
-70	
-10	
0		
-92	
-80	
-70	
-10	
0		
50		
400	
0		
0		
-90	
0		
100	
0		
0		
16384	
512	
512	
25520	
32685	
23197	
9216	
5		
-92	
-80	
-70	
-2		
0		
-92	
-80	
-70	
-2		
0		
50		
1000	


2
1		
0		
1		
2		
1		
8230	
0		
0		
0		
0		
375	
0		
0		
26		
4096	
4096	
32767	
256	
2048	
512	
0		
0		
0		
32767	
4096	
5		
-92	
-80	
-70	
-10	
0		
-92	
-80	
-70	
-10	
0		
50		
400	
0		
0		
-90	
0		
100	
0		
0		
16384	
512	
512	
25520	
32685	
23197	
9216	
5		
-92	
-80	
-70	
-2		
0		
-92	
-80	
-70	
-2		
0		
50		
1000	


3
1		
0		
1		
2		
1		
8230	
0		
0		
0		
0		
375	
0		
0		
26		
4096	
4096	
32767	
256	
2048	
512	
0		
0		
0		
32767	
4096	
5		
-92	
-80	
-70	
-10	
0		
-92	
-80	
-70	
-10	
0		
50		
400	
0		
0		
-90	
0		
100	
0		
0		
16384	
512	
512	
25520	
32685	
23197	
9216	
5		
-92	
-80	
-70	
-2		
0		
-92	
-80	
-70	
-2		
0		
50		
1000	


4
1		
0		
1		
2		
1		
8230	
0		
0		
0		
0		
375	
0		
0		
26		
4096	
4096	
32767	
256	
2048	
512	
0		
0		
0		
32767	
4096	
5		
-92	
-80	
-70	
-10	
0		
-92	
-80	
-70	
-10	
0		
50		
400	
0		
0		
-90	
0		
100	
0		
0		
16384	
512	
512	
25520	
32685	
23197	
9216	
5		
-92	
-80	
-70	
-2		
0		
-92	
-80	
-70	
-2		
0		
50		
1000	


5
1		
0		
1		
2		
1		
8230	
0		
0		
0		
0		
375	
0		
0		
26		
4096	
4096	
32767	
256	
2048	
512	
0		
0		
0		
32767	
4096	
5		
-92	
-80	
-70	
-10	
0		
-92	
-80	
-70	
-10	
0		
50		
400	
0		
0		
-90	
0		
100	
0		
0		
16384	
512	
512	
25520	
32685	
23197	
9216	
5		
-92	
-80	
-70	
-2		
0		
-92	
-80	
-70	
-2		
0		
50		
1000	


0		
0		


0		


0		
10		
800	
120	


0		
64		
4096
0
0
0
0
0
0
0
0
0
0
0
0
0
0
0
0
0
0
0
0
0
0
0
0
0
0
0
0
0
0
0
0
0
0
0
0
0
0
0
0
0
0
0
0
0
0
0
0
0
0
0
0
0
0
0
0
0
0
0
0
0
0
0
