342
7
2

4356
1
6



1
0
1
5
1
10362
0
0
0
0
375
0
0
26
4096
4096
32767
256	
2048	
512	
0
0
0
32767
4096
0
5
-72
-55
-45
-3
0
-72
-55
-45
-3
-3
50
400
0
0
0
-90
1
100



1
0
1
5
1
10362
0
0
0
0
375
0
0
26
4096
4096
32767
256	
2048	
512	
0
0
0
32767
4096
0
5
-72
-55
-45
-3
0
-72
-55
-45
-3
-3
50
400
0
0
0
-90
1
100



1
0
1
5
1
10362
0
0
0
0
375
0
0
26
4096
4096
32767
256	
2048	
512	
0
0
0
32767
4096
0
5
-72
-55
-45
-3
0
-72
-55
-45
-3
-3
50
400
0
0
0
-90
1
100



1
0
1
5
1
10362
0
0
0
0
375
0
0
26
4096
4096
32767
256	
2048	
512	
0
0
0
32767
4096
0
5
-72
-55
-45
-3
0
-72
-55
-45
-3
-3
50
400
0
0
0
-90
1
100



1
0
1
5
1
10362
0
0
0
0
375
0
0
26
4096
4096
32767
256	
2048	
512	
0
0
0
32767
4096
0
5
-72
-55
-45
-3
0
-72
-55
-45
-3
-3
50
400
0
0
0
-90
1
100



1
0
1
5
1
10362
0
0
0
0
375
0
0
26
4096
4096
32767
256	
2048	
512	
0
0
0
32767
4096
0
5
-72
-55
-45
-3
0
-72
-55
-45
-3
-3
50
400
0
0
0
-90
1
100

0
64
4096
0
0
0
0
0
0
0
0
0
0
0
0
0
0
0
0
0
0
0
0
0
0
0
0
0
0
0
0
0
0
0
0
0
0
0
0
0
0
0
0
0
0
0
0
0
0
0
0
0
0
0
0
0
0
0
0
0
0
0
0
0
0
0