342
7
2

4354
1
6



1
0
1
2
1
10362
0
0
0
0
300
0
0
26
1024
20000
23198
256
2048
512
12055
32604
32441
28000
1024
0
5
-72
-66
-58
-7
0
-90
-70
-54
-3
-3
50
400
0
-6
0
-90
1
150



1
0
1
2
1
10362
0
0
0
0
300
0
0
26
1024
20000
23198
256
2048
512
12055
32604
32441
28000
1024
0
5
-72
-66
-58
-7
0
-90
-70
-54
-3
-3
50
400
0
-6
0
-90
1
150



1
0
1
2
1
10362
0
0
0
0
300
0
0
26
1024
20000
23198
256
2048
512
12055
32604
32441
28000
1024
0
5
-72
-66
-58
-7
0
-90
-70
-54
-3
-3
50
400
0
-6
0
-90
1
150



1
0
1
2
1
10362
0
0
0
0
300
0
0
26
1024
20000
23198
256
2048
512
12055
32604
32441
28000
1024
0
5
-72
-66
-58
-7
0
-90
-70
-54
-3
-3
50
400
0
-6
0
-90
1
150



1
0
1
2
1
10362
0
0
0
0
300
0
0
26
1024
20000
23198
256
2048
512
12055
32604
32441
28000
1024
0
5
-72
-66
-58
-7
0
-90
-70
-54
-3
-3
50
400
0
-6
0
-90
1
150



1
0
1
2
1
10362
0
0
0
0
300
0
0
26
1024
20000
23198
256
2048
512
12055
32604
32441
28000
1024
0
5
-72
-66
-58
-7
0
-90
-70
-54
-3
-3
50
400
0
-6
0
-90
1
150

0
64
3889
141
112
-237
270
53
-186
152
-106
-142
154
-44
5
144
-83
-31
28
-101
20
62
-21
52
14
-58
0
-19
-23
40
15
3
17
-22
-20
0
-8
9
18
1
2
-4
-13
-3
0
2
7
3
-1
-1
-3
-2
0
1
1
1
0
0
0
0
0
0
0
0
0
0