475	
16		
2		
4128	
1		
6		


0		
1		
0		
1		
0		
1		
8230	
0		
0		
0		
0		
200	
0		
0		
26		
4096	
4096	
32767	
256	
4096	
2024	
12055
32604
32441
32767	
4096	
5		
-78	
-54	
-24	
-6		
0		
-78	
-54	
-24	
-6		
0		
50		
400	
-6		
0		
-90	
0		
100	
0		
0		
16384	
512	
512	
25520	
32685	
23197	
9216	
5		
-78	
-54	
-24	
-2		
0		
-78	
-54	
-24	
-2		
0		
50		
1000	


1		
1		
0		
1		
0		
1		
8230	
0		
0		
0		
0		
250	
0		
0		
26		
4096	
4096	
32767	
256	
4096	
2024	
12055
32604
32441
32767	
4096	
5		
-78	
-54	
-24	
-6		
0		
-78	
-54	
-24	
-6		
0		
50		
400	
-6		
0		
-90	
0		
100	
0		
0		
16384	
512	
512	
25520	
32685	
23197	
9216	
5		
-78	
-54	
-24	
-2		
0		
-78	
-54	
-24	
-2		
0		
50		
1000	


2		
1		
0		
1		
0		
1		
8230	
0		
0		
0		
0		
250	
0		
0		
26		
4096	
4096	
32767	
256	
4096	
2024	
12055
32604
32441
32767	
4096	
5		
-78	
-54	
-24	
-6		
0		
-78	
-54	
-24	
-6		
0		
50		
400	
-6		
0		
-90	
0		
100	
0		
0		
16384	
512	
512	
25520	
32685	
23197	
9216	
5		
-78	
-54	
-24	
-2		
0		
-78	
-54	
-24	
-2		
0		
50		
1000	


3		
1		
0		
1		
0		
1		
8230	
0		
0		
0		
0		
250	
0		
0		
26		
4096	
4096	
32767	
256	
4096	
2024	
12055
32604
32441
32767	
4096	
5		
-78	
-54	
-24	
-6		
0		
-78	
-54	
-24	
-6		
0		
50		
400	
-6		
0		
-90	
0		
100	
0		
0		
16384	
512	
512	
25520	
32685	
23197	
9216	
5		
-78	
-54	
-24	
-2		
0		
-78	
-54	
-24	
-2		
0		
50		
1000	


4		
1		
0		
1		
0		
1		
8230	
0		
0		
0		
0		
250	
0		
0		
26		
4096	
4096	
32767	
256	
4096	
2024	
12055
32604
32441
32767	
4096	
5		
-78	
-54	
-24	
-6		
0		
-78	
-54	
-24	
-6		
0		
50		
400	
-6		
0		
-90	
0		
100	
0		
0		
16384	
512	
512	
25520	
32685	
23197	
9216	
5		
-78	
-54	
-24	
-2		
0		
-78	
-54	
-24	
-2		
0		
50		
1000	


5		
1		
0		
1		
0		
1		
8230	
0		
0		
0		
0		
250	
0		
0		
26		
4096	
4096	
32767	
256	
4096	
2024	
12055
32604
32441
32767	
4096	
5		
-78	
-54	
-24	
-6		
0		
-78	
-54	
-24	
-6		
0		
50		
400	
-6		
0		
-90	
0		
100	
0		
0		
16384	
512	
512	
25520	
32685	
23197	
9216	
5		
-78	
-54	
-24	
-2		
0		
-78	
-54	
-24	
-2		
0		
50		
1000	


0		
0		


0		


0		
10		
800	
120	


0		
32		
4096	
0		
0		
0		
0		
0		
0		
0		
0		
0		
0		
0		
0		
0		
0		
0		
0		
0		
0		
0		
0		
0		
0		
0		
0		
0		
0		
0		
0		
0		
0		
0		
0		
0		
0		
0		
0		
0		
0		
0		
0		
0		
0		
0		
0		
0		
0		
0		
0		
0		
0		
0		
0		
0		
0		
0		
0		
0		
0		
0		
0		
0		
0		
0		
