475	
16		
2		
4098	
1		
6		


0		
1		
0		
1		
3		
1		
8230	
0		
0		
0		
0		
300	
0		
0		
26		
1024	
20000	
23198	
256	
2048	
512	
12055	
32604	
32441	
28000	
1024	
5		
-74	
-69	
-47	
-7		
0		
-74	
-69	
-43	
-3		
-3		
50		
400	
-2		
0		
-90	
0		
300	
0		
7		
16384	
512	
512	
25520	
32685	
23197	
9216	
5		
-74	
-69	
-47	
-2		
0		
-82	
-65	
-47	
-2		
0		
50		
1000	


1		
1		
0		
1		
3		
1		
8230	
0		
0		
0		
0		
300	
0		
0		
26		
1024	
20000	
23198	
256	
2048	
512	
12055	
32604	
32441	
28000	
1024	
5		
-74	
-69	
-47	
-7		
0		
-74	
-69	
-43	
-3		
-3		
50		
400	
-2		
0		
-90	
0		
300	
0		
7		
16384	
512	
512	
25520	
32685	
23197	
9216	
5		
-74	
-69	
-47	
-2		
0		
-82	
-65	
-47	
-2		
0		
50		
1000	


2		
1		
0		
1		
3		
1		
8230	
0		
0		
0		
0		
300	
0		
0		
26		
1024	
20000	
23198	
256	
2048	
512	
12055	
32604	
32441	
28000	
1024	
5		
-74	
-69	
-47	
-7		
0		
-74	
-69	
-43	
-3		
-3		
50		
400	
-2		
0		
-90	
0		
300	
0		
7		
16384	
512	
512	
25520	
32685	
23197	
9216	
5		
-74	
-69	
-47	
-2		
0		
-82	
-65	
-47	
-2		
0		
50		
1000	


3		
1		
0		
1		
3		
1		
8230	
0		
0		
0		
0		
300	
0		
0		
26		
1024	
20000	
23198	
256	
2048	
512	
12055	
32604	
32441	
28000	
1024	
5		
-74	
-69	
-47	
-7		
0		
-74	
-69	
-43	
-3		
-3		
50		
400	
-2		
0		
-90	
0		
300	
0		
7		
16384	
512	
512	
25520	
32685	
23197	
9216	
5		
-74	
-69	
-47	
-2		
0		
-82	
-65	
-47	
-2		
0		
50		
1000	


4		
1		
0		
1		
3		
1		
8230	
0		
0		
0		
0		
300	
0		
0		
26		
1024	
20000	
23198	
256	
2048	
512	
12055	
32604	
32441	
28000	
1024	
5		
-74	
-69	
-47	
-7		
0		
-74	
-69	
-43	
-3		
-3		
50		
400	
-2		
0		
-90	
0		
300	
0		
7		
16384	
512	
512	
25520	
32685	
23197	
9216	
5		
-74	
-69	
-47	
-2		
0		
-82	
-65	
-47	
-2		
0		
50		
1000	


5		
1		
0		
1		
3		
1		
8230	
0		
0		
0		
0		
300	
0		
0		
26		
1024	
20000	
23198	
256	
2048	
512	
12055	
32604	
32441	
28000	
1024	
5		
-74	
-69	
-47	
-7		
0		
-74	
-69	
-43	
-3		
-3		
50		
400	
-2		
0		
-90	
0		
300	
0		
7		
16384	
512	
512	
25520	
32685	
23197	
9216	
5		
-74	
-69	
-47	
-2		
0		
-82	
-65	
-47	
-2		
0		
50		
1000	


0		
0		


0		


0		
10		
800	
120	


0		
64		
4096
0
0
0
0
0
0
0
0
0
0
0
0
0
0
0
0
0
0
0
0
0
0
0
0
0
0
0
0
0
0
0
0
0
0
0
0
0
0
0
0
0
0
0
0
0
0
0
0
0
0
0
0
0
0
0
0
0
0
0
0
0
0
0
