342
7
2

4353
1
6



1
0
1
3
1
8192
0
0
0
0
100
0
0
26
1024
20000
23198
256
2048
512
12055
32604
32441
28000
1024
0
5
-72
-55
-45
-3
0
-72
-55
-45
-3
-3
50
400
0
0
0
-90
0
100



1
0
1
3
1
8192
0
0
0
0
100
0
0
26
1024
20000
23198
256
2048
512
12055
32604
32441
28000
1024
0
5
-72
-55
-45
-3
0
-72
-55
-45
-3
-3
50
400
0
0
0
-90
0
100



1
0
1
3
1
8192
0
0
0
0
100
0
0
26
1024
20000
23198
256
2048
512
12055
32604
32441
28000
1024
0
5
-72
-55
-45
-3
0
-72
-55
-45
-3
-3
50
400
0
0
0
-90
0
100



1
0
1
3
1
8192
0
0
0
0
100
0
0
26
1024
20000
23198
256
2048
512
12055
32604
32441
28000
1024
0
5
-72
-55
-45
-3
0
-72
-55
-45
-3
-3
50
400
0
0
0
-90
0
100



1
0
1
3
1
8192
0
0
0
0
100
0
0
26
1024
20000
23198
256
2048
512
12055
32604
32441
28000
1024
0
5
-72
-55
-45
-3
0
-72
-55
-45
-3
-3
50
400
0
0
0
-90
0
100



1
0
1
3
1
8192
0
0
0
0
100
0
0
26
1024
20000
23198
256
2048
512
12055
32604
32441
28000
1024
0
5
-72
-55
-45
-3
0
-72
-55
-45
-3
-3
50
400
0
0
0
-90
0
100

0
64
2073
1690
96
-74
-87
-87
-81
-79
-72
-70
-63
-61
-55
-53
-47
-46
-41
-40
-36
-35
-32
-31
-28
-28
-26
-25
-23
-23
-21
-21
-19
-18
-16
-15
-13
-13
-11
-10
-8
-7
-6
-5
-4
-3
-2
-1
-1
0
0
0
0
0
0
0
0
0
0
0
0
0
0
0
0
0