342
7
2

4360
1
6



1
0
1
2
1
10362
0
0
0
0
375
0
0
26
4096	
4096	
32767	
256	
2048	
512	
0	
0	
0	
32767	
4096	
0
5
-92
-80
-70
-10
0
-94
-80
-70
-10
-5
50
400
0
0
0
-90
1
100



1
0
1
2
1
10362
0
0
0
0
375
0
0
26
4096	
4096	
32767	
256	
2048	
512	
0	
0	
0	
32767	
4096	
0
5
-92
-80
-70
-10
0
-94
-80
-70
-10
-5
50
400
0
0
0
-90
1
100



1
0
1
2
1
10362
0
0
0
0
375
0
0
26
4096	
4096	
32767	
256	
2048	
512	
0	
0	
0	
32767	
4096	
0
5
-92
-80
-70
-10
0
-94
-80
-70
-10
-5
50
400
0
0
0
-90
1
100



1
0
1
2
1
10362
0
0
0
0
375
0
0
26
4096	
4096	
32767	
256	
2048	
512	
0	
0	
0	
32767	
4096	
0
5
-92
-80
-70
-10
0
-94
-80
-70
-10
-5
50
400
0
0
0
-90
1
100



1
0
1
2
1
10362
0
0
0
0
375
0
0
26
4096	
4096	
32767	
256	
2048	
512	
0	
0	
0	
32767	
4096	
0
5
-92
-80
-70
-10
0
-94
-80
-70
-10
-5
50
400
0
0
0
-90
1
100



1
0
1
2
1
10362
0
0
0
0
375
0
0
26
4096	
4096	
32767	
256	
2048	
512	
0	
0	
0	
32767	
4096	
0
5
-92
-80
-70
-10
0
-94
-80
-70
-10
-5
50
400
0
0
0
-90
1
100

0
64	
1181
1323
1430
728
155
-462
-391
-313
30
78
152
-1
-26
-88
-15
11
75
45
47
-4
-8
-26
-1
-8
6
-1
14
11
22
9
11
1
8
4
10
4
6
0
3
1
6
5
7
3
1
-1
-1
-1
0
0
0
0
0
0
0
0
0
0
0
0
0
0
0
0