212
16
3			
4104		
1			

1			
0			
0			
280		
8192		
1			
19		
1			
250		
0			
7000		
1			
63		
0			
8192		
2048		
0			
128		
8192		
1024		
96		
6554		
768		
1			
776		
5000		
3000		
512		
128		
128		
128		
5000		
3000		
512		
128		
128		
128		
5000		
280		
8230		
16384		
512		
768		
150		
16384		
16384		
1			
8000		
32		
64		
64		
16680		
512		
0			
0
2551
0			
8192		
8192		
2048		
40		
2048		
1568		
40		
2048		
1568		
1			
776		
32		
1024		
800		
32		
1024		
800		
1			
776		
1			
11470
23062		
-11398		
-2622		
4704		
8698		
8807		
4494		
835		
481		
209		
6655		
7358		
-1669		
4806		
-598		
-880		
16		
1024		
16		
181		
16384		
10000		
16000		
5000		
128		
9830		
512		
12288		
9830		
0			
20		
410		
5570		
8192
512
362
0			
0			
16384		
256		
4096		
12055		
32442		
23170		
4096		
0			
0			
0			
5			
-72		
-60		
-45		
-13		
0			
-80		
-60		
-45		
-13		
-9		
50		
400		
0			
0			
0			
64		
4096
0
0
0
0
0
0
0
0
0
0
0
0
0
0
0
0
0
0
0
0
0
0
0
0
0
0
0
0
0
0
0
0
0
0
0
0
0
0
0
0
0
0
0
0
0
0
0
0
0
0
0
0
0
0
0
0
0
0
0
0
0
0
0
