212
16
3
8
1

1
0
0
400
8192
1
6
1
250
1
7500
1
63
0
8192
2048
0
96
8192
2048
80
8192
512
1
767
6000
5000
512
512
256
128
7000
6000
512
512
256
256
6000
280
8230
16384
512
768
150
16384
16384
1
6000
32
64
64
16728
1024
0
0
2551
0
8192
8192
2048
40
2048
1568
40
2048
1568
1
776
32
1024
800
32
1024
800
1
776
1
11470
23062
-11398
-2622
4704
8698
8807
4494
835
481
209
6655
7358
-1669
4806
-598
-880
16
1024
16
181
16384
10000
16000
5000
128
9830
512
12288
9830
0
20
410
5570
8192
512
362
0
0
16384
512
512
12055
32442
23170
4096
0
0
0
5
-80
-70
-50
-24
0
-96
-86
-50
-24
0
1000
50
0
0
0
64
4096
0
0
0
0
0
0
0
0
0
0
0
0
0
0
0
0
0
0
0
0
0
0
0
0
0
0
0
0
0
0
0
0
0
0
0
0
0
0
0
0
0
0
0
0
0
0
0
0
0
0
0
0
0
0
0
0
0
0
0
0
0
0
0
