212
16
3
32
1

1
0
0
0
8192
1
0
1
250
0
7000
1
63
0
8192
2048
0
200
8192
1024
128
8192
800
2
776
14000
10000
512
256
256
512
16000
14000
512
256
256
512
14000
280
8230
16384
512
768
150
16384
16384
1
8000
32
64
64
16800
400
0
0
2551
0
8192
8192
2048
32
8192
1000
24
8192
1000
1
776
32
8192
1000
24
8192
1000
1
776
1
11470
32767
0
0
0
0
0
0
0
0
0
0
0
0
0
0
0
16
1024
16
256
16384
8192
12000
7000
256
9830
256
12288
9830
0
20
410
5570
8192
512
362
0
0
16384
512
512
25520
32685
23197
9216
0
0
0
5
-80
-70
-50
-24
0
-96
-86
-50
-24
0
50
1000
0
0
1
64
4096
0
0
0
0
0
0
0
0
0
0
0
0
0
0
0
0
0
0
0
0
0
0
0
0
0
0
0
0
0
0
0
0
0
0
0
0
0
0
0
0
0
0
0
0
0
0
0
0
0
0
0
0
0
0
0
0
0
0
0
0
0
0
0
