212
16
3		
4098	
1		

1		
0		
0		
45	
8192	
1		
11	
1		
100	
0		
7000	
1		
63	
0		
8192	
2048	
0		
128	
8192	
768	
96	
8192	
512	
2		
776	
8000	
6000	
512	
256	
256	
512	
8000	
6000	
512	
256	
256	
512	
8000	
280	
8230	
16384	
512	
512	
150	
16384	
16384	
1		
26000	
32	
64	
64	
16612	
4096	
0		
0
2551
0		
8192	
8192	
2048	
40	
2048	
1568	
40	
2048	
1568	
1		
776	
32	
1024	
800	
32	
1024	
800	
1		
776	
1		
11470
23062	
-11398	
-2622	
4704	
8698	
8807	
4494	
835	
481	
209	
6655	
7358	
-1669	
4806	
-598	
-880	
16	
1024	
16	
181	
16384	
10000	
16000	
5000	
128	
9830	
512	
12288	
9830	
0		
20	
410	
5570	
8192
512
362
0		
0		
16384	
256	
4096	
12055	
32442	
23170	
4096	
0		
0		
0		
5		
-72	
-65	
-45	
-5	
0		
-80	
-65	
-45	
-5	
0		
50	
400	
0		
0		

1		
64	
4096
0
0
0
0
0
0
0
0
0
0
0
0
0
0
0
0
0
0
0
0
0
0
0
0
0
0
0
0
0
0
0
0
0
0
0
0
0
0
0
0
0
0
0
0
0
0
0
0
0
0
0
0
0
0
0
0
0
0
0
0
0
0
0
